-43.618977
-35.367788
-34.078552
-33.067790
-25.206942
-25.139077
-26.163130
-31.512234
-29.875839
-21.893474
-19.761282
-19.657476
-20.314873
-25.168201
-23.453920
-23.811272
-23.485451
-24.026609
-35.654300
-22.973407
-22.198312
-21.717180
-26.598375
-31.443765
-22.348991
-12.252043
-11.321785
-11.466202
-12.860254
-15.708757
-19.299296
-21.906074
-23.808078
-24.069271
-19.289574
-11.473894
-10.276077
-12.972678
-17.888481
-18.457803
-15.679327
-13.254548
-12.606369
-11.937231
-12.380024
-13.856223
-17.459718
-25.012756
-24.465636
-21.135278
-21.664451
-25.343073
-27.266033
-26.331518
-23.020281
-23.080708
-21.070907
-13.869630
-9.831849
-10.549171
-11.842282
-13.819693
-18.655486
-22.227171
-21.056587
-20.127846
-18.997249
-18.961938
-19.624614
-17.137716
-17.385126
-16.299310
-15.798434
-11.237725
-12.175455
-13.261457
-15.058463
-15.877676
-17.227742
-18.635121
-13.602450
-11.083424
-12.518420
-13.162144
-14.604390
-20.260257
-20.644716
-21.142681
-14.225827
-11.323321
-12.968295
-13.931198
-15.038612
-18.409314
-18.112196
-17.508542
-19.155258
-18.321401
-19.493887
-19.508195
-20.523666
-20.261603
-19.679995
-17.792716
-11.819193
-12.517756
-13.529693
-13.253965
-14.040253
-13.663808
-14.599848
-13.997641
-12.173562
-13.094480
-13.501236
-13.264072
-14.056926
-14.079728
-14.099168
-12.245224
-13.129890
-12.832652
-13.280022
-13.884087
-19.770622
-19.179329
-22.437536
-12.158963
-13.198079
-16.966728
-15.499534
-15.450692
-15.583631
-15.870965
-13.783207
-12.955768
-13.217737
-13.336945
-13.062213
-13.125874
-12.924324
-13.454630
-13.050834
-13.345642
-13.021845
-13.667373
-13.491244
-13.194204
-13.074125
-13.002643
-13.368714
-13.225838
-13.047273
-13.108214
-13.282575
-12.841631
-13.109033
-13.119677
-13.136860
-13.407091
-13.134148
-12.996341
-13.325886
-12.692778
-13.079241
-13.157423
-13.154553
-13.009015
-12.872485
-13.276227
-13.489116
-13.050279
-13.551452
-13.135866
-13.788702
-13.402565
-13.123266
-13.094039
-13.041793
-13.017238
-13.344529
-13.173941
-12.887233
-13.277230
-12.997900
-13.433233
-12.840351
-12.661705
-13.136564
-13.264071
-13.363262
-13.211816
-12.904465
-13.313914
-12.750763
-12.914477
-15.536169
-15.306150
-22.794757
-29.228996
-20.137369
-20.274324
-18.517725
-12.589709
-11.370868
-12.861098
-12.989453
-11.777453
-12.067055
-12.950494
-12.852842
-11.284643
-13.064547
-14.362680
-15.213961
-12.761368
-17.621220
-15.581991
-16.026984
-11.603265
-12.928624
-12.910289
-12.870133
-11.164350
-12.877214
-12.986450
-13.326986
-13.387021
-19.738125
-16.397275
-15.541627
-17.113015
-17.320719
-16.932473
-12.068210
-11.282372
-10.927754
-11.253436
-11.557521
-11.000377
-11.008855
-11.684736
-11.295956
-11.048675
-11.141942
-11.619826
-12.055995
-11.279712
-12.380938
-18.135939
-11.577297
-12.808278
-11.844230
-12.403974
-12.267912
-12.252231
-12.630095
-12.093952
-12.150569
-12.533629
-12.908713
-12.541952
-12.935918
-12.499471
-12.861222
-12.679350
-13.053470
-12.542420
-12.734825
-12.745981
-12.601690
-12.904630
-12.631239
-12.457973
-13.009276
-12.583025
-12.947786
-12.635011
-12.356191
-12.238700
-12.141861
-11.844908
-13.445886
-13.794763
-13.317178
-13.709296
-14.063220
-14.920853
-14.632516
-14.077469
-16.151818
-17.759189
-22.655799
-25.941842
-22.815415
-24.635302
-10.921289
-11.503059
-11.473546
-11.765160
-11.816335
-11.890920
-11.935933
-14.045398
-22.503747
-25.787938
-33.672445
-49.457183
-66.632254
